RGDP
807149
818151
807836
893766
809244
842188
840317
937685
842884
877939
885104
974787
863719
906328
908488
1005805
895067
940784
933618
1049197
932416
978156
987893
1110004
999836
1055450
1047664
1173991
1050470
1112144
1091698
1226968
1098853
1177569
1140565
1299243
1171368
1256827
1216393
1383699
1217869
1313024
1280042
1426165
1229618
1334449
1286674
1446499
1333040
1453390
1380231
1534877
1394150
1500321
1422446
1593285
1480580
1592299
1522288
1710061
1593347
1717614
1624837
1814833
1681987
1833846
1715368
1934277
1767389
1944664
1824442
2063680
1886602
2081207
1953590
2201342
2008377
2219452
2093343
2344536
2140429
2352509
